new carpet[28];
new CrapO[14];
new front[14];
new Float:Chair = 2.00;
new Float:Cr = 3.507;

public OnGameModeInit()
{
	carpet[0] = CreateObject(19455, 14.47780, -15.33890, 535.57849,   0.00000, -90.00000, 0.00000);
	carpet[1] = CreateObject(19455, 10.97780, -15.33890, 535.57849,   0.00000, -90.00000, 0.00000);
	carpet[2] = CreateObject(19455, 10.97780, -24.83890, 535.57849,   0.00000, -90.00000, 0.00000);
	carpet[3] = CreateObject(19455, 10.97780, -34.33890, 535.57849,   0.00000, -90.00000, 0.00000);
	carpet[4] = CreateObject(19455, 10.97780, -43.83890, 535.57849,   0.00000, -90.00000, 0.00000);
	carpet[5] = CreateObject(19455, 10.97780, -53.33890, 535.57849,   0.00000, -90.00000, 0.00000);
	carpet[6] = CreateObject(19455, 11.00030, -62.85600, 535.57849,   0.00000, -90.00000, 0.00000);
	carpet[7] = CreateObject(19455, 11.00030, -72.35600, 535.57849,   0.00000, -90.00000, 0.00000);
	carpet[8] = CreateObject(19455, 17.97780, -15.33890, 535.57849,   0.00000, -90.00000, 0.00000);
	carpet[9] = CreateObject(19455, 21.47780, -15.33890, 535.57849,   0.00000, -90.00000, 0.00000);
	carpet[10] = CreateObject(19455, 14.47780, -24.83890, 535.57849,   0.00000, -90.00000, 0.00000);
	carpet[11] = CreateObject(19455, 14.47780, -34.33890, 535.57849,   0.00000, -90.00000, 0.00000);
	carpet[12] = CreateObject(19455, 14.47780, -43.83890, 535.57849,   0.00000, -90.00000, 0.00000);
	carpet[13] = CreateObject(19455, 14.47780, -53.33890, 535.57849,   0.00000, -90.00000, 0.00000);
	carpet[14] = CreateObject(19455, 14.47780, -62.83890, 535.57849,   0.00000, -90.00000, 0.00000);
	carpet[15] = CreateObject(19455, 14.47780, -72.33890, 535.57849,   0.00000, -90.00000, 0.00000);
	carpet[16] = CreateObject(19455, 17.95790, -24.84060, 535.57849,   0.00000, -90.00000, 0.00000);
	carpet[17] = CreateObject(19455, 17.95790, -34.34060, 535.57849,   0.00000, -90.00000, 0.00000);
	carpet[18] = CreateObject(19455, 17.95790, -43.84060, 535.57849,   0.00000, -90.00000, 0.00000);
	carpet[19] = CreateObject(19455, 17.95790, -53.34060, 535.57849,   0.00000, -90.00000, 0.00000);
	carpet[20] = CreateObject(19455, 17.95790, -62.84060, 535.57849,   0.00000, -90.00000, 0.00000);
	carpet[21] = CreateObject(19455, 17.95790, -72.34060, 535.57849,   0.00000, -90.00000, 0.00000);
	carpet[22] = CreateObject(19455, 21.47780, -24.83890, 535.57849,   0.00000, -90.00000, 0.00000);
	carpet[23] =CreateObject(19455, 21.47780, -34.33890, 535.57849,   0.00000, -90.00000, 0.00000);
	carpet[24] =CreateObject(19455, 21.47780, -43.83890, 535.57849,   0.00000, -90.00000, 0.00000);
	carpet[25] =CreateObject(19455, 21.47780, -53.33890, 535.57849,   0.00000, -90.00000, 0.00000);
	carpet[26] =CreateObject(19455, 21.47780, -62.83890, 535.57849,   0.00000, -90.00000, 0.00000);
	carpet[27] =CreateObject(19455, 21.47780, -72.33890, 535.57849,   0.00000, -90.00000, 0.00000);
	
	front[0]=CreateObject(19458, 17.65723, -15.24568, 543.11047,   0.00000, 90.00000, 0.00000);
	front[1]=CreateObject(19458, 14.17820, -15.24570, 543.11047,   0.00000, 90.00000, 0.00000);
	front[2]=CreateObject(19458, 17.65720, -24.84970, 543.11047,   0.00000, 90.00000, 0.00000);
	front[3]=CreateObject(19458, 17.65720, -34.45370, 543.11047,   0.00000, 90.00000, 0.00000);
	front[4]=CreateObject(19458, 17.65720, -44.05770, 543.11047,   0.00000, 90.00000, 0.00000);
	front[5]=CreateObject(19458, 17.65720, -53.66170, 543.11047,   0.00000, 90.00000, 0.00000);
	front[6]=CreateObject(19458, 17.65720, -63.31470, 543.11047,   0.00000, 90.00000, 0.00000);
	front[7]=CreateObject(19458, 17.65720, -72.91870, 543.11047,   0.00000, 90.00000, 0.00000);
	front[8]=CreateObject(19458, 14.17820, -24.89870, 543.11047,   0.00000, 90.00000, 0.00000);
	front[9]=CreateObject(19458, 14.17820, -34.55170, 543.11047,   0.00000, 90.00000, 0.00000);
	front[10]=CreateObject(19458, 14.17820, -44.05770, 543.11047,   0.00000, 90.00000, 0.00000);
	front[11]=CreateObject(19458, 14.17820, -53.66170, 543.11047,   0.00000, 90.00000, 0.00000);
	front[12]=CreateObject(19458, 14.17820, -63.36370, 543.11047,   0.00000, 90.00000, 0.00000);
	front[13]=CreateObject(19458, 14.17820, -72.96770, 543.11047,   0.00000, 90.00000, 0.00000);

	CreateObject(14657, 16.17110, -25.01450, 536.26471,   0.00000, 0.00000, 0.00000);
	CreateObject(14657, 16.17110, -34.37450, 536.26471,   0.00000, 0.00000, 0.00000);
	CreateObject(14657, 16.17110, -43.73450, 536.26471,   0.00000, 0.00000, 0.00000);
	CreateObject(14657, 16.17110, -53.21450, 536.26471,   0.00000, 0.00000, 0.00000);
	CreateObject(14657, 16.17110, -62.57450, 536.26471,   0.00000, 0.00000, 0.00000);
	CreateObject(14657, 16.17110, -15.47450, 536.26471,   0.00000, 0.00000, 0.00000);
	CreateObject(1847, 23.63490, -13.01250, 534.65698,   0.00000, 0.00000, 90.00000);
	CreateObject(1847, 23.63490, -18.02050, 534.65698,   0.00000, 0.00000, 90.00000);
	CreateObject(1847, 23.63490, -23.02850, 534.65698,   0.00000, 0.00000, 90.00000);
	CreateObject(2325, 23.33676, -10.88988, 537.42310,   0.00000, 0.00000, 90.00000);
	CreateObject(2325, 23.33680, -11.64990, 537.42310,   0.00000, 0.00000, 90.00000);
	CreateObject(2325, 23.33680, -13.60990, 537.42310,   0.00000, 0.00000, 90.00000);
	CreateObject(2325, 23.33680, -14.36990, 537.42310,   0.00000, 0.00000, 90.00000);
	CreateObject(2325, 23.33680, -16.72990, 537.42310,   0.00000, 0.00000, 90.00000);
	CreateObject(2325, 23.33680, -17.48990, 537.42310,   0.00000, 0.00000, 90.00000);
	CreateObject(2325, 23.33680, -19.76990, 537.42310,   0.00000, 0.00000, 90.00000);
	CreateObject(2325, 23.33680, -20.48990, 537.42310,   0.00000, 0.00000, 90.00000);
	CreateObject(1847, 23.64779, -12.99721, 537.77698,   0.00000, 0.00000, 90.00000);
	CreateObject(1847, 23.65470, -18.00950, 537.77698,   0.00000, 0.00000, 90.00000);
	CreateObject(1847, 23.65470, -23.00950, 537.77698,   0.00000, 0.00000, 90.00000);
	CreateObject(2325, 23.33680, -22.80990, 537.42310,   0.00000, 0.00000, 90.00000);
	CreateObject(2325, 23.35630, -23.57430, 537.42310,   0.00000, 0.00000, 90.00000);
	CreateObject(2325, 23.33680, -25.92990, 537.42310,   0.00000, 0.00000, 90.00000);
	CreateObject(2325, 23.33680, -26.68990, 537.42310,   0.00000, 0.00000, 90.00000);
	CreateObject(1846, 24.46597, -12.68890, 537.33008,   90.00000, 90.00000, 180.00000);
	CreateObject(1846, 24.46600, -15.60890, 537.33008,   90.00000, 90.00000, 180.00000);
	CreateObject(1846, 24.46600, -18.60890, 537.33008,   90.00000, 90.00000, 180.00000);
	CreateObject(1846, 24.46600, -21.56890, 537.33008,   90.00000, 90.00000, 180.00000);
	CreateObject(1846, 24.46600, -24.80890, 537.33008,   90.00000, 90.00000, 180.00000);
	CreateObject(1847, 23.64780, -12.99720, 539.93500,   -34.00000, 0.00000, 90.00000);
	CreateObject(1847, 22.75816, -13.00271, 541.22498,   -34.00000, 0.00000, 90.00000);
	CreateObject(1847, 23.64780, -17.99820, 539.93500,   -34.00000, 0.00000, 90.00000);
	CreateObject(1847, 23.64780, -22.99320, 539.93500,   -34.00000, 0.00000, 90.00000);
	CreateObject(1847, 22.75820, -17.98470, 541.22498,   -34.00000, 0.00000, 90.00000);
	CreateObject(1847, 22.75820, -22.96670, 541.22498,   -34.00000, 0.00000, 90.00000);
	CreateObject(1847, 23.63490, -28.06350, 534.65698,   0.00000, 0.00000, 90.00000);
	CreateObject(1847, 23.63490, -33.04550, 534.65698,   0.00000, 0.00000, 90.00000);
	CreateObject(1847, 23.63490, -38.02750, 534.65698,   0.00000, 0.00000, 90.00000);
	CreateObject(1847, 23.63490, -43.00950, 534.65698,   0.00000, 0.00000, 90.00000);
	CreateObject(1847, 23.63490, -47.99150, 534.65698,   0.00000, 0.00000, 90.00000);
	CreateObject(1847, 23.63490, -52.97350, 534.65698,   0.00000, 0.00000, 90.00000);
	CreateObject(1847, 23.63490, -57.95550, 534.65698,   0.00000, 0.00000, 90.00000);
	CreateObject(1847, 23.63490, -62.93750, 534.65698,   0.00000, 0.00000, 90.00000);
	CreateObject(1847, 23.63490, -67.91950, 534.65698,   0.00000, 0.00000, 90.00000);
	CreateObject(1847, 23.63490, -72.90150, 534.65698,   0.00000, 0.00000, 90.00000);
	CreateObject(1847, 23.65470, -27.99150, 537.77698,   0.00000, 0.00000, 90.00000);
	CreateObject(1847, 23.65470, -32.97350, 537.77698,   0.00000, 0.00000, 90.00000);
	CreateObject(1847, 23.65470, -37.95550, 537.77698,   0.00000, 0.00000, 90.00000);
	CreateObject(1847, 23.65470, -42.99050, 537.77698,   0.00000, 0.00000, 90.00000);
	CreateObject(1847, 23.65470, -47.97250, 537.77698,   0.00000, 0.00000, 90.00000);
	CreateObject(1847, 23.65470, -52.95450, 537.77698,   0.00000, 0.00000, 90.00000);
	CreateObject(1847, 23.65470, -57.98950, 537.77698,   0.00000, 0.00000, 90.00000);
	CreateObject(1847, 23.65470, -62.97150, 537.77698,   0.00000, 0.00000, 90.00000);
	CreateObject(1847, 23.65470, -67.95350, 537.77698,   0.00000, 0.00000, 90.00000);
	CreateObject(1847, 23.65560, -72.96850, 537.77698,   0.00000, 0.00000, 90.00000);
	CreateObject(1846, 24.46600, -27.51190, 537.33008,   90.00000, 90.00000, 180.00000);
	CreateObject(2325, 23.33680, -29.02190, 537.42310,   0.00000, 0.00000, 90.00000);
	CreateObject(2325, 23.33380, -29.76300, 537.42310,   0.00000, 0.00000, 90.00000);
	CreateObject(1846, 24.46600, -30.42690, 537.33008,   90.00000, 90.00000, 180.00000);
	CreateObject(2325, 23.33680, -32.14890, 537.42310,   0.00000, 0.00000, 90.00000);
	CreateObject(2325, 23.33680, -32.89090, 537.42310,   0.00000, 0.00000, 90.00000);
	CreateObject(1846, 24.46600, -33.92490, 537.33008,   90.00000, 90.00000, 180.00000);
	CreateObject(2325, 23.33680, -35.38190, 537.42310,   0.00000, 0.00000, 90.00000);
	CreateObject(2325, 23.33680, -36.12390, 537.42310,   0.00000, 0.00000, 90.00000);
	CreateObject(1846, 24.46600, -37.15790, 537.33008,   90.00000, 90.00000, 180.00000);
	CreateObject(2325, 23.33680, -38.45590, 537.42310,   0.00000, 0.00000, 90.00000);
	CreateObject(2325, 23.33680, -39.19790, 537.42310,   0.00000, 0.00000, 90.00000);
	CreateObject(1846, 24.46600, -40.23190, 537.33008,   90.00000, 90.00000, 180.00000);
	CreateObject(2325, 23.33680, -41.68890, 537.42310,   0.00000, 0.00000, 90.00000);
	CreateObject(2325, 23.33680, -42.43090, 537.42310,   0.00000, 0.00000, 90.00000);
	CreateObject(1846, 24.47289, -43.27168, 537.33008,   90.00000, 90.00000, 180.00000);
	CreateObject(2325, 23.33680, -44.76290, 537.42310,   0.00000, 0.00000, 90.00000);
	CreateObject(2325, 23.33680, -45.50490, 537.42310,   0.00000, 0.00000, 90.00000);
	CreateObject(1846, 24.47290, -46.29270, 537.33008,   90.00000, 90.00000, 180.00000);
	CreateObject(2325, 23.33680, -47.83690, 537.42310,   0.00000, 0.00000, 90.00000);
	CreateObject(2325, 23.33680, -48.57890, 537.42310,   0.00000, 0.00000, 90.00000);
	CreateObject(1846, 24.47290, -49.57870, 537.33008,   90.00000, 90.00000, 180.00000);
	CreateObject(2325, 23.33680, -51.17590, 537.42310,   0.00000, 0.00000, 90.00000);
	CreateObject(2325, 23.33680, -51.91790, 537.42310,   0.00000, 0.00000, 90.00000);
	CreateObject(1846, 24.47290, -53.02370, 537.33008,   90.00000, 90.00000, 180.00000);
	CreateObject(2325, 23.33680, -54.30290, 537.42310,   0.00000, 0.00000, 90.00000);
	CreateObject(2325, 23.33680, -55.04490, 537.42310,   0.00000, 0.00000, 90.00000);
	CreateObject(1846, 24.47290, -55.93870, 537.33008,   90.00000, 90.00000, 180.00000);
	CreateObject(2325, 23.33680, -57.37690, 537.42310,   0.00000, 0.00000, 90.00000);
	CreateObject(2325, 23.33680, -58.11890, 537.42310,   0.00000, 0.00000, 90.00000);
	CreateObject(1846, 24.47290, -58.95970, 537.33008,   90.00000, 90.00000, 180.00000);
	CreateObject(2325, 23.33680, -60.50390, 537.42310,   0.00000, 0.00000, 90.00000);
	CreateObject(2325, 23.33680, -61.24590, 537.42310,   0.00000, 0.00000, 90.00000);
	CreateObject(1846, 24.47290, -61.92770, 537.33008,   90.00000, 90.00000, 180.00000);
	CreateObject(2325, 23.33680, -63.73690, 537.42310,   0.00000, 0.00000, 90.00000);
	CreateObject(2325, 23.33680, -64.47890, 537.42310,   0.00000, 0.00000, 90.00000);
	CreateObject(1846, 24.47290, -65.53170, 537.33008,   90.00000, 90.00000, 180.00000);
	CreateObject(2325, 23.33680, -66.91690, 537.42310,   0.00000, 0.00000, 90.00000);
	CreateObject(2325, 23.33680, -67.65890, 537.42310,   0.00000, 0.00000, 90.00000);
	CreateObject(2325, 23.33680, -68.40090, 537.42310,   0.00000, 0.00000, 90.00000);
	CreateObject(2325, 23.33680, -69.14290, 537.42310,   0.00000, 0.00000, 90.00000);
	CreateObject(2325, 23.33680, -69.88490, 537.42310,   0.00000, 0.00000, 90.00000);
	CreateObject(2325, 23.33680, -70.62690, 537.42310,   0.00000, 0.00000, 90.00000);
	CreateObject(2325, 23.33680, -71.36890, 537.42310,   0.00000, 0.00000, 90.00000);
	CreateObject(2325, 23.33680, -72.11090, 537.42310,   0.00000, 0.00000, 90.00000);
	CreateObject(2325, 23.33680, -72.85290, 537.42310,   0.00000, 0.00000, 90.00000);
	CreateObject(2325, 23.33680, -73.59490, 537.42310,   0.00000, 0.00000, 90.00000);
	CreateObject(2325, 23.33680, -74.33690, 537.42310,   0.00000, 0.00000, 90.00000);
	CreateObject(2325, 23.33680, -75.07890, 537.42310,   0.00000, 0.00000, 90.00000);
	CreateObject(1847, 23.64780, -27.97520, 539.93500,   -34.00000, 0.00000, 90.00000);
	CreateObject(1847, 23.64780, -32.95720, 539.93500,   -34.00000, 0.00000, 90.00000);
	CreateObject(1847, 23.64780, -37.93920, 539.93500,   -34.00000, 0.00000, 90.00000);
	CreateObject(1847, 23.64780, -42.92120, 539.93500,   -34.00000, 0.00000, 90.00000);
	CreateObject(1847, 23.64780, -47.90320, 539.93500,   -34.00000, 0.00000, 90.00000);
	CreateObject(1847, 23.64780, -52.93820, 539.93500,   -34.00000, 0.00000, 90.00000);
	CreateObject(1847, 23.64780, -57.92020, 539.93500,   -34.00000, 0.00000, 90.00000);
	CreateObject(1847, 23.69592, -62.92937, 539.93500,   -34.00000, 0.00000, 90.00000);
	CreateObject(1847, 23.66840, -67.91790, 539.93500,   -34.00000, 0.00000, 90.00000);
	CreateObject(1847, 23.66840, -72.89990, 539.93500,   -34.00000, 0.00000, 90.00000);
	CreateObject(1847, 22.75820, -27.94870, 541.22498,   -34.00000, 0.00000, 90.00000);
	CreateObject(1847, 22.75820, -32.93070, 541.22498,   -34.00000, 0.00000, 90.00000);
	CreateObject(1847, 22.75820, -37.91270, 541.22498,   -34.00000, 0.00000, 90.00000);
	CreateObject(1847, 22.75820, -42.89470, 541.22498,   -34.00000, 0.00000, 90.00000);
	CreateObject(1847, 22.75820, -47.87670, 541.22498,   -34.00000, 0.00000, 90.00000);
	CreateObject(1847, 22.75820, -52.91170, 541.22498,   -34.00000, 0.00000, 90.00000);
	CreateObject(1847, 22.75820, -57.89370, 541.22498,   -34.00000, 0.00000, 90.00000);
	CreateObject(1847, 22.75820, -62.87570, 541.22498,   -34.00000, 0.00000, 90.00000);
	CreateObject(1847, 22.75820, -67.85770, 541.22498,   -34.00000, 0.00000, 90.00000);
	CreateObject(1847, 22.75820, -72.83970, 541.22498,   -34.00000, 0.00000, 90.00000);
	CreateObject(1847, 8.71380, -13.04450, 534.65698,   0.00000, 0.00000, -90.00000);
	CreateObject(1847, 8.71380, -18.02650, 534.65698,   0.00000, 0.00000, -90.00000);
	CreateObject(1847, 8.71380, -23.00850, 534.65698,   0.00000, 0.00000, -90.00000);
	CreateObject(1847, 8.71380, -27.99050, 534.65698,   0.00000, 0.00000, -90.00000);
	CreateObject(1847, 8.71380, -32.97250, 534.65698,   0.00000, 0.00000, -90.00000);
	CreateObject(1847, 8.72990, -37.94260, 534.65698,   0.00000, 0.00000, -90.00000);
	CreateObject(1847, 8.71380, -42.93650, 534.65698,   0.00000, 0.00000, -90.00000);
	CreateObject(1847, 8.71380, -47.91850, 534.65698,   0.00000, 0.00000, -90.00000);
	CreateObject(1847, 8.71380, -52.90050, 534.65698,   0.00000, 0.00000, -90.00000);
	CreateObject(1847, 8.71380, -57.93550, 534.65698,   0.00000, 0.00000, -90.00000);
	CreateObject(1847, 8.71380, -62.91750, 534.65698,   0.00000, 0.00000, -90.00000);
	CreateObject(1847, 8.71380, -67.95250, 534.65698,   0.00000, 0.00000, -90.00000);
	CreateObject(1847, 8.71380, -72.98750, 534.65698,   0.00000, 0.00000, -90.00000);
	CreateObject(2325, 8.97380, -10.88990, 537.42310,   0.00000, 0.00000, -90.00000);
	CreateObject(2325, 8.97380, -11.63190, 537.42310,   0.00000, 0.00000, -90.00000);
	CreateObject(1847, 8.70180, -12.99720, 537.77698,   0.00000, 0.00000, -90.00000);
	CreateObject(1847, 8.70180, -17.97920, 537.77698,   0.00000, 0.00000, -90.00000);
	CreateObject(1847, 8.70180, -22.96120, 537.77698,   0.00000, 0.00000, -90.00000);
	CreateObject(1847, 8.70180, -27.94320, 537.77698,   0.00000, 0.00000, -90.00000);
	CreateObject(1847, 8.70180, -32.92520, 537.77698,   0.00000, 0.00000, -90.00000);
	CreateObject(1847, 8.70180, -37.90720, 537.77698,   0.00000, 0.00000, -90.00000);
	CreateObject(1847, 8.70180, -42.88920, 537.77698,   0.00000, 0.00000, -90.00000);
	CreateObject(1847, 8.70180, -47.87120, 537.77698,   0.00000, 0.00000, -90.00000);
	CreateObject(1847, 8.70180, -52.85320, 537.77698,   0.00000, 0.00000, -90.00000);
	CreateObject(1847, 8.70180, -57.83520, 537.77698,   0.00000, 0.00000, -90.00000);
	CreateObject(1847, 8.70180, -62.81720, 537.77698,   0.00000, 0.00000, -90.00000);
	CreateObject(1847, 8.70180, -67.79920, 537.77698,   0.00000, 0.00000, -90.00000);
	CreateObject(1847, 8.70180, -72.78120, 537.77698,   0.00000, 0.00000, -90.00000);
	CreateObject(1846, 9.78500, -12.68890, 537.33008,   90.00000, 90.00000, 180.00000);
	CreateObject(2325, 8.97380, -13.43390, 537.42310,   0.00000, 0.00000, -90.00000);
	CreateObject(2325, 8.97380, -14.17590, 537.42310,   0.00000, 0.00000, -90.00000);
	CreateObject(1846, 9.78500, -14.96790, 537.33008,   90.00000, 90.00000, 180.00000);
	CreateObject(2325, 8.97380, -16.45490, 537.42310,   0.00000, 0.00000, -90.00000);
	CreateObject(2325, 8.97380, -17.19690, 537.42310,   0.00000, 0.00000, -90.00000);
	CreateObject(1846, 9.78500, -18.14790, 537.33008,   90.00000, 90.00000, 180.00000);
	CreateObject(2325, 8.97380, -19.36990, 537.42310,   0.00000, 0.00000, -90.00000);
	CreateObject(2325, 8.97380, -20.11190, 537.42310,   0.00000, 0.00000, -90.00000);
	CreateObject(1846, 9.78500, -21.27490, 537.33008,   90.00000, 90.00000, 180.00000);
	CreateObject(2325, 8.97380, -22.54990, 537.42310,   0.00000, 0.00000, -90.00000);
	CreateObject(2325, 8.97380, -23.29190, 537.42310,   0.00000, 0.00000, -90.00000);
	CreateObject(1846, 9.80498, -24.13774, 537.33008,   90.00000, 90.00000, 180.00000);
	CreateObject(2325, 8.97380, -25.62390, 537.42310,   0.00000, 0.00000, -90.00000);
	CreateObject(2325, 8.97380, -26.36590, 537.42310,   0.00000, 0.00000, -90.00000);
	CreateObject(1846, 9.80500, -27.79470, 537.33008,   90.00000, 90.00000, 180.00000);
	CreateObject(2325, 8.97380, -28.80390, 537.42310,   0.00000, 0.00000, -90.00000);
	CreateObject(2325, 8.97380, -29.54590, 537.42310,   0.00000, 0.00000, -90.00000);
	CreateObject(1846, 9.80500, -30.86870, 537.33008,   90.00000, 90.00000, 180.00000);
	CreateObject(2325, 8.97380, -31.93090, 537.42310,   0.00000, 0.00000, -90.00000);
	CreateObject(2325, 8.97380, -32.67290, 537.42310,   0.00000, 0.00000, -90.00000);
	CreateObject(1846, 9.80500, -34.10170, 537.33008,   90.00000, 90.00000, 180.00000);
	CreateObject(2325, 8.97380, -35.05790, 537.42310,   0.00000, 0.00000, -90.00000);
	CreateObject(2325, 8.97380, -35.79990, 537.42310,   0.00000, 0.00000, -90.00000);
	CreateObject(1846, 9.80500, -37.28170, 537.33008,   90.00000, 90.00000, 180.00000);
	CreateObject(2325, 8.96040, -38.11710, 537.42310,   0.00000, 0.00000, -90.00000);
	CreateObject(2325, 8.96040, -38.85910, 537.42310,   0.00000, 0.00000, -90.00000);
	CreateObject(1846, 9.81452, -39.94930, 537.33008,   90.00000, 90.00000, 180.00000);
	CreateObject(2325, 8.96040, -41.45610, 537.42310,   0.00000, 0.00000, -90.00000);
	CreateObject(2325, 8.96040, -42.19810, 537.42310,   0.00000, 0.00000, -90.00000);
	CreateObject(1846, 9.81450, -43.44730, 537.33008,   90.00000, 90.00000, 180.00000);
	CreateObject(2325, 8.96040, -44.58310, 537.42310,   0.00000, 0.00000, -90.00000);
	CreateObject(2325, 8.96040, -45.32510, 537.42310,   0.00000, 0.00000, -90.00000);
	CreateObject(1846, 9.79974, -46.32512, 537.33008,   90.00000, 90.00000, 180.00000);
	CreateObject(2325, 8.96040, -47.76310, 537.42310,   0.00000, 0.00000, -90.00000);
	CreateObject(2325, 8.96040, -48.50510, 537.42310,   0.00000, 0.00000, -90.00000);
	CreateObject(1846, 9.69370, -50.03510, 537.33008,   90.00000, 90.00000, 180.00000);
	CreateObject(2325, 8.96040, -50.99610, 537.42310,   0.00000, 0.00000, -90.00000);
	CreateObject(2325, 8.96040, -51.73810, 537.42310,   0.00000, 0.00000, -90.00000);
	CreateObject(1846, 9.69370, -52.95010, 537.33008,   90.00000, 90.00000, 180.00000);
	CreateObject(2325, 8.96040, -53.91110, 537.42310,   0.00000, 0.00000, -90.00000);
	CreateObject(2325, 8.96040, -54.65310, 537.42310,   0.00000, 0.00000, -90.00000);
	CreateObject(1846, 9.69370, -55.86510, 537.33008,   90.00000, 90.00000, 180.00000);
	CreateObject(2325, 8.96040, -56.87910, 537.42310,   0.00000, 0.00000, -90.00000);
	CreateObject(1846, 9.69370, -59.20410, 537.33008,   90.00000, 90.00000, 180.00000);
	CreateObject(2325, 8.96040, -57.62110, 537.42310,   0.00000, 0.00000, -90.00000);
	CreateObject(2325, 8.96040, -60.05910, 537.42310,   0.00000, 0.00000, -90.00000);
	CreateObject(2325, 8.96040, -60.80110, 537.42310,   0.00000, 0.00000, -90.00000);
	CreateObject(1846, 9.68522, -61.88899, 537.33008,   90.00000, 90.00000, 180.00000);
	CreateObject(2325, 8.96040, -63.02710, 537.42310,   0.00000, 0.00000, -90.00000);
	CreateObject(2325, 8.96040, -63.76910, 537.42310,   0.00000, 0.00000, -90.00000);
	CreateObject(2325, 8.96040, -66.20710, 537.42310,   0.00000, 0.00000, -90.00000);
	CreateObject(1846, 9.68520, -64.96300, 537.33008,   90.00000, 90.00000, 180.00000);
	CreateObject(2325, 8.96040, -66.94910, 537.42310,   0.00000, 0.00000, -90.00000);
	CreateObject(2325, 8.96040, -67.69110, 537.42310,   0.00000, 0.00000, -90.00000);
	CreateObject(1846, 9.68520, -68.67300, 537.33008,   90.00000, 90.00000, 180.00000);
	CreateObject(1846, 9.68520, -71.42900, 537.33008,   90.00000, 90.00000, 180.00000);
	CreateObject(1846, 9.68520, -73.92000, 537.33008,   90.00000, 90.00000, 180.00000);
	CreateObject(2325, 8.96040, -72.40810, 537.42310,   0.00000, 0.00000, -90.00000);
	CreateObject(2325, 8.96040, -75.05810, 537.42310,   0.00000, 0.00000, -90.00000);
	CreateObject(1847, 8.76976, -13.01378, 539.93500,   -34.00000, 0.00000, -90.00000);
	CreateObject(1847, 9.66720, -13.00270, 541.22498,   -34.00000, 0.00000, -90.00000);
	CreateObject(1847, 8.76980, -17.99580, 539.93500,   -34.00000, 0.00000, -90.00000);
	CreateObject(1847, 8.76980, -22.97780, 539.93500,   -34.00000, 0.00000, -90.00000);
	CreateObject(1847, 8.76980, -27.95980, 539.93500,   -34.00000, 0.00000, -90.00000);
	CreateObject(1847, 8.76980, -32.94180, 539.93500,   -34.00000, 0.00000, -90.00000);
	CreateObject(1847, 8.76980, -37.92380, 539.93500,   -34.00000, 0.00000, -90.00000);
	CreateObject(1847, 8.76980, -42.90580, 539.93500,   -34.00000, 0.00000, -90.00000);
	CreateObject(1847, 8.76980, -47.88780, 539.93500,   -34.00000, 0.00000, -90.00000);
	CreateObject(1847, 8.76980, -52.86980, 539.93500,   -34.00000, 0.00000, -90.00000);
	CreateObject(1847, 8.76980, -57.85180, 539.93500,   -34.00000, 0.00000, -90.00000);
	CreateObject(1847, 8.76980, -62.88680, 539.93500,   -34.00000, 0.00000, -90.00000);
	CreateObject(1847, 8.76980, -67.86880, 539.93500,   -34.00000, 0.00000, -90.00000);
	CreateObject(1847, 8.76980, -72.85080, 539.93500,   -34.00000, 0.00000, -90.00000);
	CreateObject(1847, 9.66720, -17.98470, 541.22498,   -34.00000, 0.00000, -90.00000);
	CreateObject(1847, 9.66720, -22.96670, 541.22498,   -34.00000, 0.00000, -90.00000);
	CreateObject(1847, 9.66720, -27.94870, 541.22498,   -34.00000, 0.00000, -90.00000);
	CreateObject(1847, 9.66720, -32.93070, 541.22498,   -34.00000, 0.00000, -90.00000);
	CreateObject(1847, 9.66720, -37.91270, 541.22498,   -34.00000, 0.00000, -90.00000);
	CreateObject(1847, 9.66720, -42.89470, 541.22498,   -34.00000, 0.00000, -90.00000);
	CreateObject(1847, 9.66720, -47.87670, 541.22498,   -34.00000, 0.00000, -90.00000);
	CreateObject(1847, 9.66720, -52.85870, 541.22498,   -34.00000, 0.00000, -90.00000);
	CreateObject(1847, 9.66720, -57.89370, 541.22498,   -34.00000, 0.00000, -90.00000);
	CreateObject(1847, 9.66720, -62.87570, 541.22498,   -34.00000, 0.00000, -90.00000);
	CreateObject(1847, 9.66720, -67.85770, 541.22498,   -34.00000, 0.00000, -90.00000);
	CreateObject(1847, 9.66720, -72.83970, 541.22498,   -34.00000, 0.00000, -90.00000);
	CreateObject(1847, 11.05760, -72.91490, 543.13702,   -90.00000, 0.00000, -90.00000);
	CreateObject(1847, 11.05760, -67.93290, 543.13702,   -90.00000, 0.00000, -90.00000);
	CreateObject(1847, 11.05760, -62.95090, 543.13702,   -90.00000, 0.00000, -90.00000);
	CreateObject(1847, 11.05760, -57.96890, 543.13702,   -90.00000, 0.00000, -90.00000);
	CreateObject(1847, 11.05760, -52.98690, 543.13702,   -90.00000, 0.00000, -90.00000);
	CreateObject(1847, 11.05760, -48.00490, 543.13702,   -90.00000, 0.00000, -90.00000);
	CreateObject(1847, 11.05760, -43.02290, 543.13702,   -90.00000, 0.00000, -90.00000);
	CreateObject(1847, 11.05760, -37.98790, 543.13702,   -90.00000, 0.00000, -90.00000);
	CreateObject(1847, 11.05760, -33.00590, 543.13702,   -90.00000, 0.00000, -90.00000);
	CreateObject(1847, 11.05760, -28.02390, 543.13702,   -90.00000, 0.00000, -90.00000);
	CreateObject(1847, 11.05760, -23.04190, 543.13702,   -90.00000, 0.00000, -90.00000);
	CreateObject(1847, 11.05760, -18.05990, 543.13702,   -90.00000, 0.00000, -90.00000);
	CreateObject(1847, 11.05760, -13.07790, 543.13702,   -90.00000, 0.00000, -90.00000);
	CreateObject(1847, 21.39260, -72.91490, 543.13702,   -90.00000, 0.00000, 90.00000);
	CreateObject(1847, 21.39260, -67.93290, 543.13702,   -90.00000, 0.00000, 90.00000);
	CreateObject(1847, 21.39260, -62.95090, 543.13702,   -90.00000, 0.00000, 90.00000);
	CreateObject(1847, 21.39260, -57.96890, 543.13702,   -90.00000, 0.00000, 90.00000);
	CreateObject(1847, 21.39260, -52.98690, 543.13702,   -90.00000, 0.00000, 90.00000);
	CreateObject(1847, 21.39260, -48.00490, 543.13702,   -90.00000, 0.00000, 90.00000);
	CreateObject(1847, 21.39260, -43.02290, 543.13702,   -90.00000, 0.00000, 90.00000);
	CreateObject(1847, 21.39260, -38.04090, 543.13702,   -90.00000, 0.00000, 90.00000);
	CreateObject(1847, 21.39260, -33.00590, 543.13702,   -90.00000, 0.00000, 90.00000);
	CreateObject(1847, 21.39260, -28.02390, 543.13702,   -90.00000, 0.00000, 90.00000);
	CreateObject(1847, 21.39260, -22.98890, 543.13702,   -90.00000, 0.00000, 90.00000);
	CreateObject(1847, 21.39260, -17.95390, 543.13702,   -90.00000, 0.00000, 90.00000);
	CreateObject(1847, 21.39260, -12.91890, 543.13702,   -90.00000, 0.00000, 90.00000);
	CreateObject(1847, 11.71990, -10.02300, 535.68597,   0.00000, 0.00000, 180.00000);
	CreateObject(1847, 11.73640, -10.01160, 541.17401,   0.00000, 0.00000, 180.00000);
	CreateObject(1847, 11.73640, -10.01160, 539.36102,   0.00000, 0.00000, 180.00000);
	CreateObject(1847, 11.73640, -10.01160, 537.54797,   0.00000, 0.00000, 180.00000);
	CreateObject(1847, 11.71990, -10.02300, 533.82397,   0.00000, 0.00000, 180.00000);
	CreateObject(1847, 16.71790, -10.02300, 533.82397,   0.00000, 0.00000, 180.00000);
	CreateObject(1847, 21.71590, -10.02300, 533.82397,   0.00000, 0.00000, 180.00000);
	CreateObject(1847, 16.71790, -10.02300, 535.68597,   0.00000, 0.00000, 180.00000);
	CreateObject(1847, 16.71790, -10.02300, 537.54797,   0.00000, 0.00000, 180.00000);
	CreateObject(1847, 16.71790, -10.02300, 539.36102,   0.00000, 0.00000, 180.00000);
	CreateObject(1847, 16.71790, -10.02300, 541.17401,   0.00000, 0.00000, 180.00000);
	CreateObject(1847, 21.71590, -10.02300, 535.68597,   0.00000, 0.00000, 180.00000);
	CreateObject(1847, 21.71590, -10.02300, 537.54797,   0.00000, 0.00000, 180.00000);
	CreateObject(1847, 21.71590, -10.02300, 539.36102,   0.00000, 0.00000, 180.00000);
	CreateObject(1847, 21.71590, -10.02300, 541.17401,   0.00000, 0.00000, 180.00000);
	CreateObject(1536, 14.77047, -10.52566, 535.67151,   0.00000, 0.00000, 0.00000);
	CreateObject(1536, 16.26981, -10.52277, 535.67151,   0.00000, 0.00000, 0.00000);
	CreateObject(19787, 16.27090, -10.51340, 538.77032,   0.00000, 0.00000, 0.00000);
	CreateObject(1847, 20.62720, -68.98810, 537.33600,   0.00000, 0.00000, 0.00000);
	CreateObject(1847, 20.59969, -69.01714, 539.14899,   0.00000, 0.00000, 0.00000);
	CreateObject(1847, 20.62720, -68.98810, 540.96198,   0.00000, 0.00000, 0.00000);
	CreateObject(1847, 20.62720, -69.03710, 535.52301,   0.00000, 0.00000, 0.00000);
	CreateObject(1847, 11.75820, -69.03710, 535.52301,   0.00000, 0.00000, 0.00000);
	CreateObject(1847, 11.75820, -69.03710, 537.33600,   0.00000, 0.00000, 0.00000);
	CreateObject(1847, 11.75820, -69.03710, 539.14899,   0.00000, 0.00000, 0.00000);
	CreateObject(1847, 11.75820, -69.03710, 540.96198,   0.00000, 0.00000, 0.00000);
	CreateObject(1847, -10.15584, -80.21085, 537.77698,   0.00000, 0.00000, 90.00000);
	CreateObject(1847, 18.08030, -71.00750, 535.52301,   0.00000, 0.00000, 90.00000);
	CreateObject(1847, 18.05610, -70.96760, 537.33197,   0.00000, 0.00000, 90.00000);
	CreateObject(1847, 18.09970, -71.02290, 539.14899,   0.00000, 0.00000, 90.00000);
	CreateObject(1847, 18.09970, -71.02290, 540.96698,   0.00000, 0.00000, 90.00000);
	CreateObject(1847, 14.32420, -71.03770, 537.32703,   0.00000, 0.00000, -90.00000);
	CreateObject(1847, 14.32420, -71.03770, 539.14502,   0.00000, 0.00000, -90.00000);
	CreateObject(1847, 14.32420, -71.03770, 540.96301,   0.00000, 0.00000, -90.00000);
	CreateObject(1847, 14.35529, -70.98016, 535.50897,   0.00000, 0.00000, -90.00000);
	CreateObject(1847, 14.33420, -75.99800, 535.50897,   0.00000, 0.00000, -90.00000);
	CreateObject(1847, 14.33420, -75.99800, 537.32898,   0.00000, 0.00000, -90.00000);
	CreateObject(1847, 14.33420, -75.99800, 539.15198,   0.00000, 0.00000, -90.00000);
	CreateObject(1847, 14.33420, -75.99800, 540.95801,   0.00000, 0.00000, -90.00000);
	CreateObject(1847, 18.08030, -76.00550, 535.52301,   0.00000, 0.00000, 90.00000);
	CreateObject(1847, 18.08030, -76.00550, 537.34998,   0.00000, 0.00000, 90.00000);
	CreateObject(1847, 18.08030, -76.00550, 539.13501,   0.00000, 0.00000, 90.00000);
	CreateObject(1847, 18.08030, -76.00550, 540.91998,   0.00000, 0.00000, 90.00000);
	CreateObject(1847, 15.64399, -77.60189, 535.52301,   0.00000, 0.00000, 0.00000);
	CreateObject(1847, 15.64400, -77.60190, 537.34998,   0.00000, 0.00000, 0.00000);
	CreateObject(1847, 15.64400, -77.60190, 539.17700,   0.00000, 0.00000, 0.00000);
	CreateObject(1847, 15.64400, -77.60190, 540.98297,   0.00000, 0.00000, 0.00000);
	CreateObject(19859, 15.40020, -77.09500, 536.92651,   0.00000, 0.00000, 0.00000);
	CreateObject(19799, 17.69927, -72.42522, 537.10358,   0.00000, 0.00000, 90.00000);
	CreateObject(2847, 15.66200, -69.04424, 535.66309,   0.00000, 0.00000, -90.00000);
	CreateObject(2847, 15.66200, -70.99720, 535.66309,   0.00000, 0.00000, -90.00000);
	CreateObject(2847, 15.66200, -72.95020, 535.66309,   0.00000, 0.00000, -90.00000);
	CreateObject(2847, 15.66200, -74.92420, 535.66309,   0.00000, 0.00000, -90.00000);
	CreateObject(2847, 15.66200, -76.87720, 535.66309,   0.00000, 0.00000, -90.00000);
	CreateObject(3061, 14.80110, -71.70633, 536.86798,   0.00000, 0.00000, 0.00000);
	CreateObject(2847, 14.21066, -71.79697, 535.66309,   0.00000, 0.00000, 0.00000);
	CreateObject(19786, 20.56020, -68.57880, 540.18793,   0.00000, 0.00000, 180.00000);
	CreateObject(19786, 11.76120, -68.57880, 540.18793,   0.00000, 0.00000, 180.00000);
	CreateObject(11728, 14.26104, -10.55341, 536.71112,   0.00000, 0.00000, 0.00000);
	CreateObject(11728, 17.19440, -77.18200, 537.13300,   0.00000, 0.00000, -180.00000);
    
	// addon
	// tag

    SetObjectMaterial(CreateObject(19462, 16.22768, -10.47286, 540.99939,   0.00000, 0.00000, 90.00000), 0, 5768, "sunrise05_lawn", "vinesign1_LAw", 0xFFFFFFFF);
	
	// lamp creator
	
	new Float:lamp = 4.00;
	for ( new lampv = 0; lampv != 14; lampv ++ ) {
		CreateObject(945, 20.42600, -12.67580 - lamp , 549.82172,   0.00000, 0.00000, 0.00000);
		CreateObject(945, 12.04700, -12.67580 - lamp , 549.82172,   0.00000, 0.00000, 0.00000);
		CreateObject(1893, 22.48890, -14.94950- lamp, 541.50598,   -34.00000, 0.00000, -90.00000);
		CreateObject(1893, 9.90990, -14.94950- lamp, 541.50598,   -34.00000, 0.00000, 90.00000);
		lamp +=4.00;
	}
	
	// Crap creator

	for ( new  cc = 0 ; cc != 14; cc ++) {
	
		CrapO[cc] = CreateObject(19429, 16.12510, -12.14740 - Cr, 535.59918,   0.00000, 90.00000, 90.00000);
		SetObjectMaterial(CrapO[cc], 0, 17946, "carter_mainmap", "mp_carter_carpet", 0xFFFFFFFF);
		Cr +=3.507;
	}
	// texture Creator
	for(new icarpet = 0; icarpet !=28; icarpet++) { SetObjectMaterial(carpet[icarpet], 0, 8463, "vgseland", "triadcarpet2", 0xFFFFFFFF); }
    for(new f = 0; f !=14; f++) { SetObjectMaterial(front[f], 0, 9907, "monlith_sfe", "window5b", 0xFFFFFFFF); }
    
    // auto create chairs
    for(new Chairecreator = 0; Chairecreator != 24; Chairecreator++ )
    {
        CreateObject(1562, 18.90537, -13.77886 - Chair , 536.29480,   0.00000, 0.00000, 0.00000);
		CreateObject(1562, 18.21240, -13.77890 - Chair, 536.29480,   0.00000, 0.00000, 0.00000);
		CreateObject(1562, 17.47740, -13.77890 - Chair, 536.29480,   0.00000, 0.00000, 0.00000);
		CreateObject(1562, 13.25640, -13.77890 - Chair, 536.29480,   0.00000, 0.00000, 0.00000);
		CreateObject(1562, 13.97040, -13.77890 - Chair, 536.29480,   0.00000, 0.00000, 0.00000);
		CreateObject(1562, 14.66340, -13.77890 - Chair, 536.29480,   0.00000, 0.00000, 0.00000);
		CreateObject(1563, 18.90198, -13.41244 - Chair, 536.86450,   0.00000, 0.00000, 0.00000);
		CreateObject(1563, 18.20900, -13.41240 - Chair, 536.86450,   0.00000, 0.00000, 0.00000);
		CreateObject(1563, 17.47400, -13.41240 - Chair, 536.86450,   0.00000, 0.00000, 0.00000);
		CreateObject(1563, 14.66000, -13.41240 - Chair, 536.86450,   0.00000, 0.00000, 0.00000);
		CreateObject(1563, 13.96700, -13.41240 - Chair, 536.86450,   0.00000, 0.00000, 0.00000);
		CreateObject(1563, 13.23200, -13.41240 - Chair, 536.86450,   0.00000, 0.00000, 0.00000);
        Chair += 2.00;
	}
	return 1;
}

public OnPlayerCommandText(playerid, cmdtext[])
{
	if (strcmp("/azgo", cmdtext, true, 4) == 0)
	{
 		SetPlayerPos(playerid,17.2232, -23.0736, 537.1591);
		return 1;
	}
	if (strcmp("/aznight", cmdtext, true,6) == 0)
	{
 		SetPlayerTime(playerid, 0, 0);
		return 1;
	}
	return 0;
}



